17
-1 57 96 68 94 25 33 98 19 55 64 99 92 62 30 72 9 
26 -1 55 74 41 14 33 86 36 89 90 32 94 73 28 100 96 
50 74 -1 66 57 16 37 30 68 55 40 21 24 80 5 43 65 
85 98 54 -1 99 49 13 76 65 83 85 93 50 57 75 53 52 
8 22 91 34 -1 94 15 67 51 40 85 60 79 22 12 2 59 
43 24 37 86 58 -1 88 39 28 13 65 62 8 58 25 41 62 
26 77 51 57 92 8 -1 98 4 68 19 83 1 16 82 99 20 
73 97 36 84 56 23 62 -1 75 78 8 8 68 91 1 22 70 
4 68 76 21 53 41 82 95 -1 13 37 16 84 60 65 50 18 
92 14 32 22 20 69 2 7 90 -1 93 46 40 12 61 8 77 
32 85 49 39 37 85 46 78 92 100 -1 72 62 54 61 52 76 
15 56 53 42 37 3 43 13 60 75 52 -1 65 55 100 51 25 
14 86 65 14 1 30 6 18 7 25 49 99 -1 77 3 2 11 
47 12 21 13 34 100 5 90 100 35 22 85 38 -1 58 72 26 
10 3 48 21 28 96 27 92 99 92 88 5 74 72 -1 86 81 
75 86 71 39 99 28 76 83 81 6 34 95 19 71 86 -1 90 
16 77 51 55 61 42 46 46 10 79 78 9 78 20 62 12 -1 
